RING: 0 LINE: 0
110, 01101110
60, 00111100
120, 01111000
60, 00111100
RING: 0 LINE: 1
108, 01101100
71, 01000111
117, 01110101
75, 01001011
RING: 0 LINE: 2
101, 01100101
81, 01010001
108, 01101100
88, 01011000
RING: 0 LINE: 3
91, 01011011
88, 01011000
95, 01011111
97, 01100001
RING: 0 LINE: 4
80, 01010000
90, 01011010
80, 01010000
100, 01100100
RING: 0 LINE: 5
69, 01000101
88, 01011000
65, 01000001
97, 01100001
RING: 0 LINE: 6
59, 00111011
81, 01010001
52, 00110100
88, 01011000
RING: 0 LINE: 7
52, 00110100
71, 01000111
43, 00101011
75, 01001011
RING: 0 LINE: 8
50, 00110010
60, 00111100
40, 00101000
60, 00111100
RING: 0 LINE: 9
52, 00110100
49, 00110001
43, 00101011
45, 00101101
RING: 0 LINE: 10
59, 00111011
39, 00100111
52, 00110100
32, 00100000
RING: 0 LINE: 11
69, 01000101
32, 00100000
65, 01000001
23, 00010111
RING: 0 LINE: 12
80, 01010000
30, 00011110
80, 01010000
20, 00010100
RING: 0 LINE: 13
91, 01011011
32, 00100000
95, 01011111
23, 00010111
RING: 0 LINE: 14
101, 01100101
39, 00100111
108, 01101100
32, 00100000
RING: 0 LINE: 15
108, 01101100
49, 00110001
117, 01110101
45, 00101101
----------------
RING: 1 LINE: 0
120, 01111000
60, 00111100
130, 10000010
60, 00111100
RING: 1 LINE: 1
117, 01110101
75, 01001011
126, 01111110
79, 01001111
RING: 1 LINE: 2
108, 01101100
88, 01011000
115, 01110011
95, 01011111
RING: 1 LINE: 3
95, 01011111
97, 01100001
99, 01100011
106, 01101010
RING: 1 LINE: 4
80, 01010000
100, 01100100
80, 01010000
110, 01101110
RING: 1 LINE: 5
65, 01000001
97, 01100001
61, 00111101
106, 01101010
RING: 1 LINE: 6
52, 00110100
88, 01011000
45, 00101101
95, 01011111
RING: 1 LINE: 7
43, 00101011
75, 01001011
34, 00100010
79, 01001111
RING: 1 LINE: 8
40, 00101000
60, 00111100
30, 00011110
60, 00111100
RING: 1 LINE: 9
43, 00101011
45, 00101101
34, 00100010
41, 00101001
RING: 1 LINE: 10
52, 00110100
32, 00100000
45, 00101101
25, 00011001
RING: 1 LINE: 11
65, 01000001
23, 00010111
61, 00111101
14, 00001110
RING: 1 LINE: 12
80, 01010000
20, 00010100
80, 01010000
10, 00001010
RING: 1 LINE: 13
95, 01011111
23, 00010111
99, 01100011
14, 00001110
RING: 1 LINE: 14
108, 01101100
32, 00100000
115, 01110011
25, 00011001
RING: 1 LINE: 15
117, 01110101
45, 00101101
126, 01111110
41, 00101001
----------------
RING: 2 LINE: 0
130, 10000010
60, 00111100
140, 10001100
60, 00111100
RING: 2 LINE: 1
126, 01111110
79, 01001111
135, 10000111
83, 01010011
RING: 2 LINE: 2
115, 01110011
95, 01011111
122, 01111010
102, 01100110
RING: 2 LINE: 3
99, 01100011
106, 01101010
103, 01100111
115, 01110011
RING: 2 LINE: 4
80, 01010000
110, 01101110
80, 01010000
120, 01111000
RING: 2 LINE: 5
61, 00111101
106, 01101010
57, 00111001
115, 01110011
RING: 2 LINE: 6
45, 00101101
95, 01011111
38, 00100110
102, 01100110
RING: 2 LINE: 7
34, 00100010
79, 01001111
25, 00011001
83, 01010011
RING: 2 LINE: 8
30, 00011110
60, 00111100
20, 00010100
60, 00111100
RING: 2 LINE: 9
34, 00100010
41, 00101001
25, 00011001
37, 00100101
RING: 2 LINE: 10
45, 00101101
25, 00011001
38, 00100110
18, 00010010
RING: 2 LINE: 11
61, 00111101
14, 00001110
57, 00111001
5, 00000101
RING: 2 LINE: 12
80, 01010000
10, 00001010
80, 01010000
0, 00000000
RING: 2 LINE: 13
99, 01100011
14, 00001110
103, 01100111
5, 00000101
RING: 2 LINE: 14
115, 01110011
25, 00011001
122, 01111010
18, 00010010
RING: 2 LINE: 15
126, 01111110
41, 00101001
135, 10000111
37, 00100101
----------------
RING: 3 LINE: 0
140, 10001100
60, 00111100
150, 10010110
60, 00111100
RING: 3 LINE: 1
135, 10000111
83, 01010011
145, 10010001
87, 01010111
RING: 3 LINE: 2
122, 01111010
102, 01100110
129, 10000001
109, 01101101
RING: 3 LINE: 3
103, 01100111
115, 01110011
107, 01101011
125, 01111101
RING: 3 LINE: 4
80, 01010000
120, 01111000
80, 01010000
130, 10000010
RING: 3 LINE: 5
57, 00111001
115, 01110011
53, 00110101
125, 01111101
RING: 3 LINE: 6
38, 00100110
102, 01100110
31, 00011111
109, 01101101
RING: 3 LINE: 7
25, 00011001
83, 01010011
15, 00001111
87, 01010111
RING: 3 LINE: 8
20, 00010100
60, 00111100
10, 00001010
60, 00111100
RING: 3 LINE: 9
25, 00011001
37, 00100101
15, 00001111
33, 00100001
RING: 3 LINE: 10
38, 00100110
18, 00010010
31, 00011111
11, 00001011
RING: 3 LINE: 11
57, 00111001
5, 00000101
53, 00110101
-5, 0000b101
RING: 3 LINE: 12
80, 01010000
0, 00000000
80, 01010000
-10, 000b1010
RING: 3 LINE: 13
103, 01100111
5, 00000101
107, 01101011
-5, 0000b101
RING: 3 LINE: 14
122, 01111010
18, 00010010
129, 10000001
11, 00001011
RING: 3 LINE: 15
135, 10000111
37, 00100101
145, 10010001
33, 00100001
----------------
RING: 4 LINE: 0
150, 10010110
60, 00111100
160, 10100000
60, 00111100
RING: 4 LINE: 1
145, 10010001
87, 01010111
154, 10011010
91, 01011011
RING: 4 LINE: 2
129, 10000001
109, 01101101
137, 10001001
117, 01110101
RING: 4 LINE: 3
107, 01101011
125, 01111101
111, 01101111
134, 10000110
RING: 4 LINE: 4
80, 01010000
130, 10000010
80, 01010000
140, 10001100
RING: 4 LINE: 5
53, 00110101
125, 01111101
49, 00110001
134, 10000110
RING: 4 LINE: 6
31, 00011111
109, 01101101
23, 00010111
117, 01110101
RING: 4 LINE: 7
15, 00001111
87, 01010111
6, 00000110
91, 01011011
RING: 4 LINE: 8
10, 00001010
60, 00111100
0, 00000000
60, 00111100
RING: 4 LINE: 9
15, 00001111
33, 00100001
6, 00000110
29, 00011101
RING: 4 LINE: 10
31, 00011111
11, 00001011
23, 00010111
3, 00000011
RING: 4 LINE: 11
53, 00110101
-5, 0000b101
49, 00110001
-14, 000b1110
RING: 4 LINE: 12
80, 01010000
-10, 000b1010
80, 01010000
-20, 00b10100
RING: 4 LINE: 13
107, 01101011
-5, 0000b101
111, 01101111
-14, 000b1110
RING: 4 LINE: 14
129, 10000001
11, 00001011
137, 10001001
3, 00000011
RING: 4 LINE: 15
145, 10010001
33, 00100001
154, 10011010
29, 00011101
----------------
